 1990   -0.164   -0.162   -0.159   -0.155   -0.150   -0.144   -0.141   -0.138   -0.135   -0.132   -0.129   -0.127
 1991   -0.124   -0.122   -0.120   -0.117   -0.115   -0.115   -0.113   -0.111   -0.109   -0.109   -0.108   -0.106
 1992   -0.103   -0.102   -0.100   -0.100   -0.099   -0.100   -0.101   -0.104   -0.105   -0.105   -0.106   -0.104
 1993   -0.103   -0.101   -0.097   -0.095   -0.092   -0.089   -0.087   -0.083   -0.080   -0.076   -0.072   -0.068
 1994   -0.067   -0.064   -0.063   -0.060   -0.057   -0.054   -0.053   -0.052   -0.051   -0.051   -0.050   -0.049
 1995   -0.048   -0.046   -0.044   -0.042   -0.040   -0.040   -0.039   -0.038   -0.038   -0.039   -0.041   -0.041
 1996   -0.042   -0.041   -0.040   -0.039   -0.038   -0.035   -0.033   -0.031   -0.028   -0.025   -0.022   -0.018
 1997   -0.015   -0.012   -0.010   -0.009   -0.008   -0.007   -0.007   -0.004   -0.000    0.004    0.006    0.009
 1998    0.012    0.014    0.016    0.019    0.022    0.025    0.028    0.034    0.040    0.044    0.048    0.053
 1999    0.057    0.061    0.065    0.068    0.070    0.073    0.077    0.081    0.085    0.088    0.091    0.092
 2000    0.094    0.095    0.098    0.100    0.102    0.103    0.103    0.104    0.106    0.108    0.108    0.109
 2001    0.109    0.110    0.111    0.113    0.115    0.119    0.123    0.127    0.130    0.133    0.136    0.139
 2002    0.142    0.144    0.146    0.147    0.148    0.148    0.149    0.149    0.150    0.150    0.150    0.151
 2003    0.150    0.150    0.149    0.146    0.145    0.144    0.142    0.139    0.137    0.134    0.131    0.129
 2004    0.126    0.124    0.122    0.120    0.120    0.119    0.120    0.119    0.117    0.117    0.117    0.118
 2005    0.119    0.121    0.123    0.126    0.129    0.132    0.136    0.140    0.143    0.145    0.147    0.149
 2006    0.151    0.153    0.154    0.154    0.156    0.157    0.156    0.156    0.156    0.154    0.152    0.150
 2007    0.148    0.146    0.145    0.144    0.146    0.148    0.152    0.157    0.159    0.161    0.162    0.163
 2008    0.164    0.164    0.166    0.166    0.166    0.165    0.165    0.164    0.163    0.162    0.160    0.158
 2009    0.156    0.154    0.151    0.149    0.148    0.149    0.149    0.150    0.150    0.150    0.149    0.147
 2010    0.146    0.145    0.143    0.140    0.138    0.135    0.134    0.132    0.130    0.130    0.129    0.130
 2011    0.130    0.130    0.131    0.132    0.133    0.134    0.135    0.136    0.136    0.136    0.137    0.137
 2012    0.137    0.138    0.137    0.139    0.140    0.141    0.143    0.145    0.147    0.150    0.151    0.153
 2013    0.153    0.154    0.154    0.153    0.153    0.151    0.149    0.148    0.148    0.148    0.146    0.145
 2014    0.145    0.146    0.148    0.151    0.153    0.154    0.156    0.157    0.158    0.159    0.158    0.159
 2015    0.159    0.162    0.163    0.164    0.163    0.161    0.160    0.160    0.159    0.157    0.156    0.155
 2016    0.155    0.155    0.155    0.155    0.155    0.156    0.156    0.157    0.160    0.163    0.166    0.169
 2017    0.171    0.173    0.173    0.174    0.175    0.175    0.174    0.174    0.176    0.177    0.176    0.177
